444,693
447,693
450,693
453,693
459,693
462,693
465,693
468,693
471,693
474,693
477,693
480,693
486,693
489,690
492,690
495,690
498,690
501,690
504,687
507,687
510,687
513,684
516,684
519,684
522,681
525,681
528,681
531,681
534,681
537,681
537,678
540,678
543,678
546,675
549,672
552,672
552,669
555,669
555,666
558,666
561,663
564,663
564,660
567,660
567,657
567,654
567,651
567,648
567,645
567,642
567,639
567,636
567,633
567,630
567,627
567,624
567,621
564,618
564,615
564,612
561,609
561,606
561,603
558,603
558,600
555,600
555,597
555,594
552,594
552,591
549,591
549,588
546,588
543,588
543,585
540,585
540,582
537,582
534,579
531,579
528,576
528,573
525,573
522,573
519,570
516,567
513,567
510,567
510,564
507,564
504,564
504,561
501,561
498,561
495,561
492,558
489,558
486,558
483,558
480,555
477,555
474,555
471,555
468,555
465,555
462,555
459,555
456,555
453,555
450,555
447,555
444,555
441,555
438,558
435,558
432,558
432,561
429,561
426,561
423,564
420,564
420,567
417,567
414,567
411,570
408,570
408,573
405,573
402,576
399,576
399,579
396,582
393,582
390,585
390,588
387,588
384,591
384,594
381,594
381,597
378,600
375,600
375,603
375,606
375,609
375,612
375,615
375,618
375,621
375,624
375,627
375,630
375,633
375,636
375,639
375,642
375,645
378,648
378,651
378,654
381,657
381,660
381,663
384,666
384,669
387,669
387,672
390,675
393,678
396,681
399,681
399,684
402,687
405,687
405,690
408,690
411,693
414,693
417,696
420,696
423,696
426,696
429,696
429,699
432,699
435,699
438,699
441,699
441,702
444,702
441,702
