459,690
522,549
